1	0.3416	0.322	0.3364
2	0.3404	0.3216	0.338
3	0.3336	0.3144	0.352
4	0.3448	0.3004	0.3548
5	0.348	0.3036	0.3484
6	0.342	0.3044	0.3536
7	0.3412	0.3016	0.3572
8	0.344	0.2952	0.3608
9	0.342	0.2912	0.3668
10	0.3384	0.286	0.3756
11	0.3368	0.2896	0.3736
12	0.3464	0.2768	0.3768
13	0.3516	0.2732	0.3752
14	0.3456	0.2756	0.3788
15	0.3412	0.2764	0.3824
16	0.3472	0.2728	0.38
17	0.3504	0.268	0.3816
18	0.3552	0.2692	0.3756
19	0.3576	0.2668	0.3756
20	0.3612	0.264	0.3748
21	0.3536	0.2644	0.382
22	0.3468	0.2624	0.3908
23	0.3436	0.2592	0.3972
24	0.3432	0.2556	0.4012
25	0.3412	0.248	0.4108
26	0.3408	0.2448	0.4144
27	0.3468	0.2416	0.4116
28	0.3512	0.2416	0.4072
29	0.348	0.24	0.412
30	0.35	0.2364	0.4136
31	0.3496	0.228	0.4224
32	0.3496	0.2288	0.4216
33	0.346	0.2304	0.4236
34	0.3452	0.2328	0.422
35	0.3404	0.2348	0.4248
36	0.3312	0.2376	0.4312
37	0.3312	0.2328	0.436
38	0.3392	0.2356	0.4252
39	0.336	0.2332	0.4308
40	0.3368	0.2352	0.428
41	0.34	0.232	0.428
42	0.3424	0.2312	0.4264
43	0.3412	0.2268	0.432
44	0.3436	0.222	0.4344
45	0.348	0.222	0.43
46	0.35	0.2184	0.4316
47	0.3496	0.2208	0.4296
48	0.3492	0.2196	0.4312
49	0.35	0.2196	0.4304
50	0.3524	0.2152	0.4324
51	0.358	0.2148	0.4272
52	0.3544	0.2148	0.4308
53	0.3596	0.218	0.4224
54	0.362	0.2128	0.4252
55	0.3636	0.2084	0.428
56	0.3688	0.2048	0.4264
57	0.3656	0.206	0.4284
58	0.3644	0.2052	0.4304
59	0.3656	0.2056	0.4288
60	0.3724	0.2032	0.4244
61	0.3744	0.196	0.4296
62	0.3756	0.1928	0.4316
63	0.376	0.19	0.434
64	0.3816	0.1872	0.4312
65	0.3804	0.1844	0.4352
66	0.3864	0.1772	0.4364
67	0.386	0.1768	0.4372
68	0.386	0.1764	0.4376
69	0.3852	0.1756	0.4392
70	0.3816	0.176	0.4424
71	0.382	0.1752	0.4428
72	0.3796	0.1752	0.4452
73	0.3732	0.1796	0.4472
74	0.3784	0.1756	0.446
75	0.3788	0.1772	0.444
76	0.3824	0.172	0.4456
77	0.3868	0.172	0.4412
78	0.3888	0.1688	0.4424
79	0.3884	0.1664	0.4452
80	0.3856	0.1644	0.45
81	0.3844	0.1644	0.4512
82	0.3852	0.1656	0.4492
83	0.384	0.1672	0.4488
84	0.3836	0.1688	0.4476
85	0.3848	0.1684	0.4468
86	0.386	0.1656	0.4484
87	0.3892	0.164	0.4468
88	0.3872	0.1652	0.4476
89	0.384	0.166	0.45
90	0.3884	0.1632	0.4484
91	0.39	0.1592	0.4508
92	0.3884	0.156	0.4556
93	0.386	0.1536	0.4604
94	0.3856	0.156	0.4584
95	0.3828	0.1584	0.4588
96	0.3776	0.1588	0.4636
97	0.3788	0.1576	0.4636
98	0.3764	0.1552	0.4684
99	0.3776	0.1484	0.474
100	0.3828	0.1444	0.4728
101	0.3864	0.144	0.4696
102	0.3892	0.1408	0.47
103	0.3852	0.1392	0.4756
104	0.3816	0.1368	0.4816
105	0.3828	0.136	0.4812
106	0.3864	0.1324	0.4812
107	0.3836	0.1352	0.4812
108	0.3832	0.1344	0.4824
109	0.3868	0.1316	0.4816
110	0.384	0.1316	0.4844
111	0.3832	0.1284	0.4884
112	0.3844	0.13	0.4856
113	0.3852	0.1296	0.4852
114	0.3828	0.1296	0.4876
115	0.388	0.1268	0.4852
116	0.386	0.1284	0.4856
117	0.3852	0.1264	0.4884
118	0.3848	0.1256	0.4896
119	0.3852	0.126	0.4888
120	0.384	0.128	0.488
121	0.3848	0.1252	0.49
122	0.3836	0.1244	0.492
123	0.3828	0.124	0.4932
124	0.3812	0.1228	0.496
125	0.3824	0.1196	0.498
126	0.3816	0.12	0.4984
127	0.3832	0.1176	0.4992
128	0.3836	0.1172	0.4992
129	0.386	0.1168	0.4972
130	0.382	0.12	0.498
131	0.378	0.1192	0.5028
132	0.3784	0.1196	0.502
133	0.3748	0.1196	0.5056
134	0.3724	0.124	0.5036
135	0.3724	0.1228	0.5048
136	0.3732	0.1208	0.506
137	0.3736	0.12	0.5064
138	0.374	0.1172	0.5088
139	0.3732	0.1164	0.5104
140	0.376	0.1164	0.5076
141	0.3704	0.1204	0.5092
142	0.37	0.116	0.514
143	0.3688	0.1132	0.518
144	0.3668	0.1136	0.5196
145	0.3684	0.1144	0.5172
146	0.3692	0.1168	0.514
147	0.3692	0.1144	0.5164
148	0.3688	0.1136	0.5176
149	0.3704	0.1128	0.5168
150	0.368	0.114	0.518
151	0.3672	0.1132	0.5196
152	0.3708	0.1144	0.5148
153	0.3676	0.114	0.5184
154	0.3684	0.1144	0.5172
155	0.3704	0.1152	0.5144
156	0.3704	0.1144	0.5152
157	0.3728	0.1156	0.5116
158	0.3744	0.1156	0.51
159	0.374	0.114	0.512
160	0.3736	0.1104	0.516
161	0.3752	0.1104	0.5144
162	0.3772	0.1108	0.512
163	0.3744	0.1096	0.516
164	0.3724	0.1112	0.5164
165	0.3736	0.1116	0.5148
166	0.3748	0.1128	0.5124
167	0.3776	0.112	0.5104
168	0.3768	0.112	0.5112
169	0.3732	0.1168	0.51
170	0.3716	0.1176	0.5108
171	0.3716	0.1168	0.5116
172	0.3716	0.116	0.5124
173	0.3708	0.1156	0.5136
174	0.3716	0.1132	0.5152
175	0.3684	0.1144	0.5172
176	0.3704	0.1152	0.5144
177	0.3684	0.1148	0.5168
178	0.3696	0.118	0.5124
179	0.3728	0.1156	0.5116
180	0.3736	0.1168	0.5096
181	0.3768	0.114	0.5092
182	0.3764	0.1152	0.5084
183	0.3772	0.116	0.5068
184	0.3752	0.1124	0.5124
185	0.3756	0.1096	0.5148
186	0.3768	0.112	0.5112
187	0.3748	0.114	0.5112
188	0.3716	0.1148	0.5136
189	0.3732	0.1156	0.5112
190	0.376	0.1168	0.5072
191	0.3792	0.1172	0.5036
192	0.38	0.118	0.502
193	0.3816	0.12	0.4984
194	0.3844	0.1196	0.496
195	0.3856	0.1176	0.4968
196	0.3808	0.1176	0.5016
197	0.3836	0.1176	0.4988
198	0.3828	0.116	0.5012
199	0.3816	0.1176	0.5008
200	0.3868	0.1164	0.4968
201	0.3856	0.118	0.4964
202	0.384	0.1204	0.4956
203	0.3828	0.1208	0.4964
204	0.3804	0.1224	0.4972
205	0.3808	0.1224	0.4968
206	0.3856	0.1188	0.4956
207	0.3864	0.1152	0.4984
208	0.3844	0.1144	0.5012
209	0.38	0.1176	0.5024
210	0.378	0.1152	0.5068
211	0.3796	0.1136	0.5068
212	0.38	0.1124	0.5076
213	0.378	0.1128	0.5092
214	0.3804	0.112	0.5076
215	0.3832	0.1092	0.5076
216	0.384	0.11	0.506
217	0.384	0.1112	0.5048
218	0.3848	0.112	0.5032
219	0.3892	0.11	0.5008
220	0.3864	0.1132	0.5004
221	0.39	0.1124	0.4976
222	0.3868	0.1124	0.5008
223	0.3884	0.1084	0.5032
224	0.3872	0.1032	0.5096
225	0.3864	0.1036	0.51
226	0.3864	0.1012	0.5124
227	0.3876	0.0984	0.514
228	0.3824	0.0988	0.5188
229	0.3848	0.1028	0.5124
230	0.3824	0.1044	0.5132
231	0.3836	0.1048	0.5116
232	0.3848	0.102	0.5132
233	0.3864	0.1036	0.51
234	0.382	0.1056	0.5124
235	0.378	0.1084	0.5136
236	0.3772	0.112	0.5108
237	0.3796	0.1124	0.508
238	0.3764	0.1152	0.5084
239	0.3736	0.1148	0.5116
240	0.3732	0.1152	0.5116
241	0.3752	0.116	0.5088
242	0.3768	0.1152	0.508
243	0.3768	0.1148	0.5084
244	0.3772	0.1112	0.5116
245	0.3812	0.1084	0.5104
246	0.38	0.1088	0.5112
247	0.3788	0.108	0.5132
248	0.3792	0.1068	0.514
249	0.376	0.1068	0.5172
250	0.378	0.1076	0.5144
251	0.3764	0.1048	0.5188
252	0.3708	0.1024	0.5268
253	0.376	0.104	0.52
254	0.3772	0.1024	0.5204
255	0.3744	0.1044	0.5212
256	0.3728	0.1048	0.5224
257	0.3736	0.1036	0.5228
258	0.3752	0.1008	0.524
259	0.3752	0.102	0.5228
260	0.3724	0.1016	0.526
261	0.3704	0.1016	0.528
262	0.372	0.102	0.526
263	0.3676	0.1024	0.53
264	0.3628	0.1024	0.5348
265	0.3628	0.1012	0.536
266	0.3632	0.1028	0.534
267	0.3612	0.1024	0.5364
268	0.358	0.106	0.536
269	0.358	0.104	0.538
270	0.3624	0.0992	0.5384
271	0.3644	0.0992	0.5364
272	0.3652	0.0992	0.5356
273	0.3664	0.1004	0.5332
274	0.3648	0.1012	0.534
275	0.3672	0.1012	0.5316
276	0.3664	0.1052	0.5284
277	0.3656	0.1064	0.528
278	0.3648	0.1052	0.53
279	0.3648	0.108	0.5272
280	0.3648	0.1052	0.53
281	0.366	0.1048	0.5292
282	0.3656	0.1048	0.5296
283	0.3664	0.1056	0.528
284	0.3644	0.1044	0.5312
285	0.3612	0.1036	0.5352
286	0.3616	0.1024	0.536
287	0.3616	0.102	0.5364
288	0.3644	0.1	0.5356
289	0.3648	0.1032	0.532
290	0.3676	0.1016	0.5308
291	0.3676	0.1008	0.5316
292	0.3644	0.1024	0.5332
293	0.364	0.1012	0.5348
294	0.366	0.1004	0.5336
295	0.3692	0.1012	0.5296
296	0.3684	0.1036	0.528
297	0.3716	0.0996	0.5288
298	0.3732	0.0944	0.5324
299	0.3752	0.0972	0.5276
300	0.3776	0.0948	0.5276
301	0.3756	0.0948	0.5296
302	0.3776	0.0936	0.5288
303	0.3776	0.0928	0.5296
304	0.3768	0.0924	0.5308
305	0.3756	0.0912	0.5332
306	0.3804	0.092	0.5276
307	0.3832	0.0916	0.5252
308	0.384	0.0932	0.5228
309	0.3836	0.0928	0.5236
310	0.3824	0.0912	0.5264
311	0.3864	0.0896	0.524
312	0.3852	0.0892	0.5256
313	0.386	0.0876	0.5264
314	0.3852	0.0864	0.5284
315	0.3876	0.0852	0.5272
316	0.3892	0.0848	0.526
317	0.3872	0.0852	0.5276
318	0.3848	0.0876	0.5276
319	0.388	0.0868	0.5252
320	0.3936	0.0824	0.524
321	0.3952	0.0788	0.526
322	0.3964	0.0808	0.5228
323	0.3968	0.082	0.5212
324	0.3972	0.0836	0.5192
325	0.3956	0.0844	0.52
326	0.4	0.0836	0.5164
327	0.398	0.0844	0.5176
328	0.3984	0.086	0.5156
329	0.3996	0.0844	0.516
330	0.4004	0.082	0.5176
331	0.4012	0.0816	0.5172
332	0.3988	0.082	0.5192
333	0.4012	0.082	0.5168
334	0.4012	0.0808	0.518
335	0.4032	0.0796	0.5172
336	0.4024	0.0792	0.5184
337	0.4052	0.0788	0.516
338	0.408	0.0796	0.5124
339	0.4108	0.0796	0.5096
340	0.4124	0.0792	0.5084
341	0.4144	0.0772	0.5084
342	0.416	0.0792	0.5048
343	0.42	0.0796	0.5004
344	0.4212	0.0784	0.5004
345	0.4208	0.0756	0.5036
346	0.42	0.0768	0.5032
347	0.4184	0.0768	0.5048
348	0.4204	0.074	0.5056
349	0.4192	0.0752	0.5056
350	0.4196	0.076	0.5044
351	0.4212	0.0756	0.5032
352	0.4196	0.078	0.5024
353	0.418	0.0796	0.5024
354	0.4204	0.0768	0.5028
355	0.4208	0.0768	0.5024
356	0.4248	0.0764	0.4988
357	0.4196	0.078	0.5024
358	0.4188	0.0784	0.5028
359	0.416	0.0768	0.5072
360	0.4148	0.0772	0.508
361	0.4176	0.076	0.5064
362	0.416	0.0772	0.5068
363	0.4152	0.076	0.5088
364	0.4152	0.0764	0.5084
365	0.4176	0.0744	0.508
366	0.416	0.0736	0.5104
367	0.412	0.0752	0.5128
368	0.41	0.0732	0.5168
369	0.4116	0.0732	0.5152
370	0.408	0.0744	0.5176
371	0.4028	0.0736	0.5236
372	0.4016	0.0728	0.5256
373	0.4032	0.0696	0.5272
374	0.4068	0.0692	0.524
375	0.4056	0.07	0.5244
376	0.4048	0.0696	0.5256
377	0.4056	0.07	0.5244
378	0.4072	0.0684	0.5244
379	0.4096	0.068	0.5224
380	0.4068	0.0648	0.5284
381	0.4052	0.0648	0.53
382	0.4048	0.0636	0.5316
383	0.4096	0.062	0.5284
384	0.4112	0.0636	0.5252
385	0.4088	0.0604	0.5308
386	0.4104	0.06	0.5296
387	0.4112	0.058	0.5308
388	0.416	0.0556	0.5284
389	0.4152	0.0552	0.5296
390	0.416	0.0556	0.5284
391	0.42	0.0544	0.5256
392	0.4208	0.0544	0.5248
393	0.4196	0.0556	0.5248
394	0.4204	0.0524	0.5272
395	0.4156	0.054	0.5304
396	0.4136	0.0536	0.5328
397	0.412	0.0544	0.5336
398	0.4088	0.0572	0.534
399	0.4068	0.0556	0.5376
400	0.4084	0.0544	0.5372
401	0.408	0.052	0.54
402	0.406	0.0504	0.5436
403	0.4032	0.048	0.5488
404	0.3996	0.0464	0.554
405	0.3972	0.0464	0.5564
406	0.3972	0.0464	0.5564
407	0.394	0.0464	0.5596
408	0.394	0.0456	0.5604
409	0.3952	0.044	0.5608
410	0.3908	0.042	0.5672
411	0.3884	0.0424	0.5692
412	0.3892	0.0392	0.5716
413	0.39	0.038	0.572
414	0.3944	0.0364	0.5692
415	0.3932	0.0388	0.568
416	0.3936	0.0384	0.568
417	0.394	0.0384	0.5676
418	0.3968	0.0376	0.5656
419	0.3948	0.0372	0.568
420	0.3984	0.0376	0.564
421	0.398	0.0392	0.5628
422	0.3964	0.0396	0.564
423	0.3964	0.04	0.5636
424	0.394	0.0384	0.5676
425	0.3916	0.0368	0.5716
426	0.3916	0.036	0.5724
427	0.3916	0.0344	0.574
428	0.3932	0.0348	0.572
429	0.392	0.0344	0.5736
430	0.3956	0.032	0.5724
431	0.3896	0.0312	0.5792
432	0.3884	0.03	0.5816
433	0.3908	0.0316	0.5776
434	0.394	0.0296	0.5764
435	0.3916	0.0292	0.5792
436	0.3892	0.0312	0.5796
437	0.386	0.0316	0.5824
438	0.3892	0.0292	0.5816
439	0.388	0.03	0.582
440	0.3912	0.0304	0.5784
441	0.3872	0.0292	0.5836
442	0.39	0.0288	0.5812
443	0.3912	0.0288	0.58
444	0.3904	0.0304	0.5792
445	0.3888	0.0308	0.5804
446	0.3884	0.0292	0.5824
447	0.3884	0.0288	0.5828
448	0.39	0.03	0.58
449	0.3908	0.03	0.5792
450	0.3924	0.0284	0.5792
451	0.3968	0.0268	0.5764
452	0.3992	0.026	0.5748
453	0.3996	0.0244	0.576
454	0.3988	0.0264	0.5748
455	0.3984	0.0264	0.5752
456	0.402	0.0248	0.5732
457	0.3996	0.0252	0.5752
458	0.3984	0.0252	0.5764
459	0.3988	0.0244	0.5768
460	0.3944	0.0244	0.5812
461	0.3932	0.0236	0.5832
462	0.396	0.022	0.582
463	0.3952	0.0208	0.584
464	0.3964	0.0192	0.5844
465	0.3936	0.0196	0.5868
466	0.3932	0.0188	0.588
467	0.3968	0.0172	0.586
468	0.3916	0.016	0.5924
469	0.39	0.018	0.592
470	0.3944	0.0164	0.5892
471	0.3932	0.0156	0.5912
472	0.3952	0.016	0.5888
473	0.3972	0.014	0.5888
474	0.394	0.014	0.592
475	0.3904	0.0128	0.5968
476	0.3912	0.012	0.5968
477	0.39	0.0116	0.5984
478	0.3864	0.0128	0.6008
479	0.3832	0.0124	0.6044
480	0.3796	0.0116	0.6088
481	0.3804	0.0108	0.6088
482	0.3776	0.0096	0.6128
483	0.3812	0.0096	0.6092
484	0.382	0.0096	0.6084
485	0.3784	0.01	0.6116
486	0.38	0.01	0.61
487	0.3784	0.01	0.6116
488	0.376	0.01	0.614
489	0.3756	0.0096	0.6148
490	0.376	0.008	0.616
491	0.376	0.0088	0.6152
492	0.3792	0.0088	0.612
493	0.3776	0.008	0.6144
494	0.3744	0.008	0.6176
495	0.374	0.0076	0.6184
496	0.3748	0.0076	0.6176
497	0.3772	0.0084	0.6144
498	0.3748	0.008	0.6172
499	0.37	0.0076	0.6224
500	0.3704	0.0072	0.6224
501	0.366	0.0076	0.6264
502	0.3668	0.0084	0.6248
503	0.3664	0.0084	0.6252
504	0.3672	0.0092	0.6236
505	0.364	0.0096	0.6264
506	0.3672	0.0084	0.6244
507	0.366	0.0088	0.6252
508	0.3636	0.0076	0.6288
509	0.3652	0.0076	0.6272
510	0.3604	0.008	0.6316
511	0.3584	0.0088	0.6328
512	0.3576	0.0084	0.634
513	0.3588	0.0076	0.6336
514	0.3584	0.0076	0.634
515	0.3572	0.0088	0.634
516	0.3552	0.008	0.6368
517	0.3576	0.0076	0.6348
518	0.3568	0.008	0.6352
519	0.3548	0.0088	0.6364
520	0.3564	0.008	0.6356
521	0.3588	0.008	0.6332
522	0.3576	0.008	0.6344
523	0.3584	0.008	0.6336
524	0.358	0.0088	0.6332
525	0.3556	0.0088	0.6356
526	0.3556	0.0092	0.6352
527	0.3524	0.0084	0.6392
528	0.3528	0.0084	0.6388
529	0.3544	0.0088	0.6368
530	0.3548	0.0076	0.6376
531	0.3556	0.0076	0.6368
532	0.3548	0.0084	0.6368
533	0.3524	0.008	0.6396
534	0.3516	0.0084	0.64
535	0.3528	0.0084	0.6388
536	0.352	0.008	0.64
537	0.3496	0.0076	0.6428
538	0.3504	0.0084	0.6412
539	0.3528	0.0072	0.64
540	0.3512	0.0076	0.6412
541	0.3508	0.0076	0.6416
542	0.35	0.008	0.642
543	0.3504	0.0076	0.642
544	0.35	0.008	0.642
545	0.3496	0.0084	0.642
546	0.3484	0.0088	0.6428
547	0.3452	0.0088	0.646
548	0.3464	0.0088	0.6448
549	0.3476	0.0088	0.6436
550	0.3452	0.0092	0.6456
551	0.346	0.008	0.646
552	0.348	0.008	0.644
553	0.3448	0.0076	0.6476
554	0.3412	0.0076	0.6512
555	0.3396	0.0084	0.652
556	0.3404	0.0076	0.652
557	0.3396	0.0072	0.6532
558	0.3372	0.0076	0.6552
559	0.338	0.0076	0.6544
560	0.3352	0.0072	0.6576
561	0.3368	0.008	0.6552
562	0.3388	0.0084	0.6528
563	0.3376	0.008	0.6544
564	0.3348	0.008	0.6572
565	0.3364	0.008	0.6556
566	0.3356	0.0088	0.6556
567	0.3348	0.0088	0.6564
568	0.3356	0.008	0.6564
569	0.3376	0.0084	0.654
570	0.3396	0.008	0.6524
571	0.3384	0.0088	0.6528
572	0.3364	0.0076	0.656
573	0.3376	0.0076	0.6548
574	0.3392	0.008	0.6528
575	0.3396	0.008	0.6524
576	0.342	0.008	0.65
577	0.344	0.0084	0.6476
578	0.3448	0.008	0.6472
579	0.3436	0.008	0.6484
580	0.3384	0.008	0.6536
581	0.3388	0.0092	0.652
582	0.3372	0.008	0.6548
583	0.3396	0.0084	0.652
584	0.3372	0.008	0.6548
585	0.3368	0.0092	0.654
586	0.332	0.0104	0.6576
587	0.3336	0.008	0.6584
588	0.3324	0.0084	0.6592
589	0.3296	0.008	0.6624
590	0.3288	0.0084	0.6628
591	0.3292	0.0076	0.6632
592	0.3296	0.0084	0.662
593	0.3296	0.0076	0.6628
594	0.3292	0.0076	0.6632
595	0.3316	0.0072	0.6612
596	0.334	0.0072	0.6588
597	0.3372	0.0076	0.6552
598	0.3332	0.0072	0.6596
599	0.3304	0.0072	0.6624
600	0.3304	0.0076	0.662
601	0.3304	0.0072	0.6624
602	0.3304	0.0072	0.6624
603	0.3276	0.0072	0.6652
604	0.328	0.0072	0.6648
605	0.3252	0.0072	0.6676
606	0.3252	0.008	0.6668
607	0.3232	0.008	0.6688
608	0.3252	0.008	0.6668
609	0.3268	0.0076	0.6656
610	0.326	0.0072	0.6668
611	0.3252	0.0072	0.6676
612	0.322	0.0084	0.6696
613	0.3244	0.0084	0.6672
614	0.3228	0.0088	0.6684
615	0.3204	0.008	0.6716
616	0.3172	0.0076	0.6752
617	0.316	0.0076	0.6764
618	0.3172	0.008	0.6748
619	0.3172	0.0076	0.6752
620	0.3172	0.0076	0.6752
621	0.3152	0.008	0.6768
622	0.3164	0.0076	0.676
623	0.316	0.008	0.676
624	0.3168	0.008	0.6752
625	0.316	0.0084	0.6756
626	0.3148	0.0084	0.6768
627	0.3164	0.008	0.6756
628	0.3148	0.008	0.6772
629	0.3128	0.0088	0.6784
630	0.3092	0.0084	0.6824
631	0.3104	0.0084	0.6812
632	0.3088	0.0084	0.6828
633	0.3112	0.0088	0.68
634	0.3108	0.0076	0.6816
635	0.3092	0.0076	0.6832
636	0.3072	0.0076	0.6852
637	0.3048	0.008	0.6872
638	0.3068	0.0084	0.6848
639	0.3052	0.0088	0.686
640	0.306	0.0084	0.6856
641	0.306	0.008	0.686
642	0.3032	0.008	0.6888
643	0.3052	0.008	0.6868
644	0.3056	0.0084	0.686
645	0.3064	0.0084	0.6852
646	0.308	0.0084	0.6836
647	0.3072	0.0088	0.684
648	0.3072	0.008	0.6848
649	0.308	0.008	0.684
650	0.306	0.0084	0.6856
651	0.3036	0.0084	0.688
652	0.3072	0.0084	0.6844
653	0.3088	0.0084	0.6828
654	0.3068	0.0084	0.6848
655	0.3064	0.0088	0.6848
656	0.3088	0.008	0.6832
657	0.3112	0.0076	0.6812
658	0.312	0.0072	0.6808
659	0.3132	0.0072	0.6796
660	0.3116	0.0076	0.6808
661	0.312	0.0088	0.6792
662	0.312	0.0088	0.6792
663	0.31	0.008	0.682
664	0.3112	0.0092	0.6796
665	0.3104	0.0088	0.6808
666	0.312	0.008	0.68
667	0.312	0.0088	0.6792
668	0.3144	0.0084	0.6772
669	0.3092	0.0084	0.6824
670	0.3072	0.0084	0.6844
671	0.3084	0.0084	0.6832
672	0.3084	0.008	0.6836
673	0.3064	0.0076	0.686
674	0.3072	0.0076	0.6852
675	0.3048	0.0076	0.6876
676	0.3008	0.008	0.6912
677	0.3008	0.0076	0.6916
678	0.3	0.0072	0.6928
679	0.3004	0.0076	0.692
680	0.2992	0.0072	0.6936
681	0.298	0.0072	0.6948
682	0.296	0.0076	0.6964
683	0.296	0.008	0.696
684	0.2944	0.0076	0.698
685	0.2916	0.0084	0.7
686	0.288	0.008	0.704
687	0.288	0.008	0.704
688	0.288	0.0088	0.7032
689	0.286	0.0084	0.7056
690	0.2848	0.0084	0.7068
691	0.2844	0.0084	0.7072
692	0.2832	0.0088	0.708
693	0.2804	0.008	0.7116
694	0.2804	0.008	0.7116
695	0.2816	0.008	0.7104
696	0.282	0.0084	0.7096
697	0.2776	0.008	0.7144
698	0.2772	0.0072	0.7156
699	0.2772	0.0084	0.7144
700	0.2784	0.0088	0.7128
701	0.2792	0.008	0.7128
702	0.2776	0.0072	0.7152
703	0.2788	0.0072	0.714
704	0.2792	0.0076	0.7132
705	0.2792	0.0076	0.7132
706	0.2776	0.008	0.7144
707	0.2812	0.0072	0.7116
708	0.2804	0.0072	0.7124
709	0.2808	0.008	0.7112
710	0.28	0.0072	0.7128
711	0.2808	0.0076	0.7116
712	0.2824	0.0076	0.71
713	0.2796	0.0088	0.7116
714	0.2808	0.0076	0.7116
715	0.2816	0.0072	0.7112
716	0.2812	0.0072	0.7116
717	0.2784	0.0072	0.7144
718	0.2792	0.0072	0.7136
719	0.28	0.0072	0.7128
720	0.28	0.0076	0.7124
721	0.2788	0.0072	0.714
722	0.2808	0.0076	0.7116
723	0.28	0.0076	0.7124
724	0.2816	0.0072	0.7112
725	0.2796	0.0072	0.7132
726	0.2792	0.0072	0.7136
727	0.2792	0.008	0.7128
728	0.2784	0.008	0.7136
729	0.2788	0.008	0.7132
730	0.282	0.008	0.71
731	0.2832	0.0076	0.7092
732	0.2812	0.008	0.7108
733	0.282	0.0076	0.7104
734	0.284	0.0076	0.7084
735	0.2832	0.008	0.7088
736	0.2816	0.0076	0.7108
737	0.2808	0.0076	0.7116
738	0.28	0.0076	0.7124
739	0.2788	0.008	0.7132
740	0.276	0.0076	0.7164
741	0.2768	0.0072	0.716
742	0.2772	0.0076	0.7152
743	0.2736	0.0076	0.7188
744	0.272	0.0076	0.7204
745	0.2712	0.0072	0.7216
746	0.2712	0.0072	0.7216
747	0.2708	0.0076	0.7216
748	0.272	0.0076	0.7204
749	0.2724	0.0076	0.72
750	0.2708	0.008	0.7212
751	0.2704	0.0084	0.7212
752	0.2708	0.0084	0.7208
753	0.272	0.008	0.72
754	0.2736	0.008	0.7184
755	0.272	0.0076	0.7204
756	0.268	0.0076	0.7244
757	0.2644	0.0076	0.728
758	0.2648	0.0076	0.7276
759	0.2632	0.0076	0.7292
760	0.2592	0.008	0.7328
761	0.256	0.008	0.736
762	0.2516	0.008	0.7404
763	0.2524	0.008	0.7396
764	0.2548	0.0076	0.7376
765	0.2568	0.0072	0.736
766	0.2556	0.0084	0.736
767	0.2532	0.008	0.7388
768	0.2524	0.008	0.7396
769	0.25	0.01	0.74
770	0.2476	0.0084	0.744
771	0.2476	0.0084	0.744
772	0.2468	0.0076	0.7456
773	0.248	0.008	0.744
774	0.2444	0.0092	0.7464
775	0.246	0.0092	0.7448
776	0.2468	0.0088	0.7444
777	0.2456	0.0088	0.7456
778	0.2444	0.0076	0.748
779	0.2436	0.008	0.7484
780	0.2436	0.008	0.7484
781	0.2416	0.0076	0.7508
782	0.2404	0.0076	0.752
783	0.2432	0.0072	0.7496
784	0.24	0.0072	0.7528
785	0.24	0.0076	0.7524
786	0.2408	0.0076	0.7516
787	0.2408	0.0076	0.7516
788	0.2388	0.0076	0.7536
789	0.238	0.0072	0.7548
790	0.2404	0.008	0.7516
791	0.2428	0.008	0.7492
792	0.244	0.0076	0.7484
793	0.2468	0.008	0.7452
794	0.244	0.008	0.748
795	0.242	0.0076	0.7504
796	0.2416	0.0076	0.7508
797	0.242	0.008	0.75
798	0.2416	0.0076	0.7508
799	0.2416	0.008	0.7504
800	0.2384	0.0084	0.7532
801	0.2368	0.008	0.7552
802	0.2344	0.0076	0.758
803	0.2308	0.0076	0.7616
804	0.2332	0.0072	0.7596
805	0.2312	0.0072	0.7616
806	0.2308	0.0088	0.7604
807	0.234	0.0072	0.7588
808	0.232	0.0072	0.7608
809	0.2308	0.0076	0.7616
810	0.2284	0.0072	0.7644
811	0.2276	0.0076	0.7648
812	0.2276	0.008	0.7644
813	0.2268	0.0076	0.7656
814	0.2276	0.0072	0.7652
815	0.228	0.0072	0.7648
816	0.2284	0.0072	0.7644
817	0.2284	0.0072	0.7644
818	0.2284	0.0084	0.7632
819	0.2288	0.0084	0.7628
820	0.232	0.0072	0.7608
821	0.2308	0.008	0.7612
822	0.2264	0.0076	0.766
823	0.2248	0.008	0.7672
824	0.2216	0.008	0.7704
825	0.2172	0.0084	0.7744
826	0.218	0.008	0.774
827	0.2196	0.0076	0.7728
828	0.2188	0.008	0.7732
829	0.22	0.008	0.772
830	0.2184	0.008	0.7736
831	0.2156	0.0084	0.776
832	0.2156	0.008	0.7764
833	0.2084	0.0084	0.7832
834	0.2096	0.008	0.7824
835	0.2124	0.0076	0.78
836	0.2092	0.0072	0.7836
837	0.208	0.0076	0.7844
838	0.2044	0.008	0.7876
839	0.2028	0.0072	0.79
840	0.2016	0.008	0.7904
841	0.202	0.0092	0.7888
842	0.1996	0.0092	0.7912
843	0.1988	0.008	0.7932
844	0.196	0.0088	0.7952
845	0.1964	0.0092	0.7944
846	0.1952	0.0088	0.796
847	0.1924	0.0076	0.8
848	0.1912	0.0088	0.8
849	0.1884	0.0084	0.8032
850	0.1852	0.0084	0.8064
851	0.1836	0.0084	0.808
852	0.1824	0.0096	0.808
853	0.1832	0.0092	0.8076
854	0.1848	0.0088	0.8064
855	0.1836	0.0084	0.808
856	0.1844	0.008	0.8076
857	0.1848	0.0076	0.8076
858	0.1864	0.0076	0.806
859	0.1852	0.0076	0.8072
860	0.1856	0.008	0.8064
861	0.1876	0.008	0.8044
862	0.1848	0.0076	0.8076
863	0.186	0.0076	0.8064
864	0.1868	0.008	0.8052
865	0.184	0.0084	0.8076
866	0.186	0.0084	0.8056
867	0.1856	0.008	0.8064
868	0.1864	0.0076	0.806
869	0.1872	0.0076	0.8052
870	0.1856	0.0076	0.8068
871	0.1884	0.0084	0.8032
872	0.1868	0.008	0.8052
873	0.1864	0.0092	0.8044
874	0.1848	0.0088	0.8064
875	0.1848	0.0092	0.806
876	0.1848	0.0088	0.8064
877	0.1876	0.0084	0.804
878	0.1868	0.0088	0.8044
879	0.1888	0.008	0.8032
880	0.1876	0.008	0.8044
881	0.188	0.0076	0.8044
882	0.1872	0.0076	0.8052
883	0.1868	0.0084	0.8048
884	0.1848	0.0088	0.8064
885	0.1844	0.0084	0.8072
886	0.1844	0.008	0.8076
887	0.1844	0.008	0.8076
888	0.1836	0.0084	0.808
889	0.1832	0.0092	0.8076
890	0.1828	0.0092	0.808
891	0.1828	0.0088	0.8084
892	0.1812	0.0072	0.8116
893	0.1776	0.0076	0.8148
894	0.1748	0.0084	0.8168
895	0.1736	0.0076	0.8188
896	0.1736	0.0076	0.8188
897	0.1712	0.0088	0.82
898	0.1732	0.0084	0.8184
899	0.1736	0.0084	0.818
900	0.1736	0.0072	0.8192
901	0.1728	0.0076	0.8196
902	0.1728	0.008	0.8192
903	0.1716	0.0076	0.8208
904	0.1708	0.008	0.8212
905	0.1704	0.0076	0.822
906	0.1688	0.0072	0.824
907	0.17	0.0076	0.8224
908	0.1664	0.0076	0.826
909	0.1668	0.0088	0.8244
910	0.166	0.0088	0.8252
911	0.1668	0.0084	0.8248
912	0.1676	0.0084	0.824
913	0.1712	0.0084	0.8204
914	0.1708	0.008	0.8212
915	0.1672	0.0076	0.8252
916	0.164	0.0084	0.8276
917	0.1624	0.008	0.8296
918	0.1632	0.0084	0.8284
919	0.1632	0.0084	0.8284
920	0.1636	0.0072	0.8292
921	0.1648	0.0076	0.8276
922	0.1632	0.0072	0.8296
923	0.164	0.0072	0.8288
924	0.1624	0.0072	0.8304
925	0.1628	0.0076	0.8296
926	0.1612	0.0072	0.8316
927	0.1596	0.0072	0.8332
928	0.158	0.0076	0.8344
929	0.1564	0.0084	0.8352
930	0.1556	0.0076	0.8368
931	0.1556	0.0076	0.8368
932	0.1552	0.0076	0.8372
933	0.1552	0.0076	0.8372
934	0.1552	0.0072	0.8376
935	0.154	0.0072	0.8388
936	0.154	0.0072	0.8388
937	0.1552	0.0076	0.8372
938	0.1552	0.0084	0.8364
939	0.1536	0.0076	0.8388
940	0.1556	0.008	0.8364
941	0.1548	0.0084	0.8368
942	0.1528	0.0076	0.8396
943	0.1516	0.0088	0.8396
944	0.1524	0.0088	0.8388
945	0.1504	0.0084	0.8412
946	0.15	0.008	0.842
947	0.1536	0.008	0.8384
948	0.1528	0.008	0.8392
949	0.1488	0.0072	0.844
950	0.1484	0.0076	0.844
951	0.1476	0.0072	0.8452
952	0.1468	0.0088	0.8444
953	0.148	0.0084	0.8436
954	0.1472	0.0084	0.8444
955	0.1488	0.008	0.8432
956	0.1476	0.0076	0.8448
957	0.1484	0.0076	0.844
958	0.1504	0.0084	0.8412
959	0.1512	0.008	0.8408
960	0.1508	0.0076	0.8416
961	0.1504	0.0076	0.842
962	0.1496	0.0072	0.8432
963	0.1484	0.0072	0.8444
964	0.1484	0.0076	0.844
965	0.1504	0.0076	0.842
966	0.1492	0.0072	0.8436
967	0.146	0.0072	0.8468
968	0.142	0.0076	0.8504
969	0.1416	0.008	0.8504
970	0.1412	0.0072	0.8516
971	0.1416	0.008	0.8504
972	0.1416	0.008	0.8504
973	0.144	0.0084	0.8476
974	0.144	0.0088	0.8472
975	0.1452	0.008	0.8468
976	0.1444	0.0076	0.848
977	0.1444	0.0076	0.848
978	0.1436	0.0076	0.8488
979	0.1448	0.008	0.8472
980	0.1448	0.008	0.8472
981	0.1436	0.0084	0.848
982	0.1412	0.0072	0.8516
983	0.1404	0.0072	0.8524
984	0.1428	0.0072	0.85
985	0.142	0.0072	0.8508
986	0.142	0.008	0.85
987	0.1416	0.008	0.8504
988	0.1412	0.0076	0.8512
989	0.1424	0.0072	0.8504
990	0.1424	0.0072	0.8504
991	0.1432	0.0072	0.8496
992	0.1412	0.0072	0.8516
993	0.1412	0.0076	0.8512
994	0.1404	0.0076	0.852
995	0.1408	0.008	0.8512
996	0.1392	0.008	0.8528
997	0.1388	0.0076	0.8536
998	0.138	0.0076	0.8544
999	0.1384	0.0084	0.8532
1000	0.1384	0.0088	0.8528
1001	0.1376	0.0088	0.8536
1002	0.1388	0.0088	0.8524
1003	0.1384	0.0088	0.8528
1004	0.1384	0.0084	0.8532
1005	0.136	0.008	0.856
1006	0.1356	0.0076	0.8568
1007	0.1348	0.0072	0.858
1008	0.136	0.0072	0.8568
1009	0.1384	0.0072	0.8544
1010	0.1368	0.0076	0.8556
1011	0.136	0.008	0.856
1012	0.136	0.0076	0.8564
1013	0.136	0.0076	0.8564
1014	0.1352	0.0076	0.8572
1015	0.1368	0.0076	0.8556
1016	0.1392	0.0072	0.8536
1017	0.14	0.0072	0.8528
1018	0.1364	0.008	0.8556
1019	0.1352	0.0076	0.8572
1020	0.1364	0.0076	0.856
1021	0.1344	0.0076	0.858
1022	0.1348	0.0072	0.858
1023	0.1324	0.0072	0.8604
1024	0.1288	0.0072	0.864
1025	0.1264	0.0076	0.866
1026	0.1272	0.008	0.8648
1027	0.1248	0.0076	0.8676
1028	0.1256	0.0072	0.8672
1029	0.1248	0.0072	0.868
1030	0.1196	0.0072	0.8732
1031	0.1176	0.0072	0.8752
1032	0.1156	0.0072	0.8772
1033	0.1116	0.0076	0.8808
1034	0.1096	0.0076	0.8828
1035	0.1092	0.0076	0.8832
1036	0.1108	0.0072	0.882
1037	0.1112	0.0072	0.8816
1038	0.1124	0.0072	0.8804
1039	0.112	0.0076	0.8804
1040	0.1108	0.0076	0.8816
1041	0.1116	0.008	0.8804
1042	0.1112	0.0072	0.8816
1043	0.1116	0.0072	0.8812
1044	0.1092	0.008	0.8828
1045	0.108	0.008	0.884
1046	0.1092	0.0084	0.8824
1047	0.1096	0.008	0.8824
1048	0.1108	0.008	0.8812
1049	0.1108	0.008	0.8812
1050	0.1072	0.008	0.8848
1051	0.1056	0.008	0.8864
1052	0.1044	0.008	0.8876
1053	0.1016	0.0084	0.89
1054	0.1016	0.0084	0.89
1055	0.1	0.0076	0.8924
1056	0.0996	0.0076	0.8928
1057	0.0984	0.0072	0.8944
1058	0.0972	0.0084	0.8944
1059	0.0972	0.0088	0.894
1060	0.0964	0.0088	0.8948
1061	0.0932	0.008	0.8988
1062	0.0936	0.0076	0.8988
1063	0.0932	0.008	0.8988
1064	0.0936	0.0076	0.8988
1065	0.0944	0.0076	0.898
1066	0.0916	0.0076	0.9008
1067	0.0904	0.008	0.9016
1068	0.0876	0.008	0.9044
1069	0.0872	0.0076	0.9052
1070	0.086	0.0076	0.9064
1071	0.086	0.0072	0.9068
1072	0.0856	0.0072	0.9072
1073	0.0856	0.0072	0.9072
1074	0.0844	0.0072	0.9084
1075	0.0828	0.0072	0.91
1076	0.0824	0.008	0.9096
1077	0.0832	0.008	0.9088
1078	0.0836	0.0072	0.9092
1079	0.0824	0.008	0.9096
1080	0.0824	0.0076	0.91
1081	0.082	0.0088	0.9092
1082	0.0832	0.0088	0.908
1083	0.0824	0.0092	0.9084
1084	0.0816	0.0084	0.91
1085	0.0836	0.0076	0.9088
1086	0.0852	0.008	0.9068
1087	0.0848	0.0084	0.9068
1088	0.0856	0.008	0.9064
1089	0.0856	0.0076	0.9068
1090	0.0848	0.0088	0.9064
1091	0.0864	0.0084	0.9052
1092	0.0852	0.008	0.9068
1093	0.086	0.008	0.906
1094	0.0864	0.008	0.9056
1095	0.086	0.008	0.906
1096	0.0848	0.0088	0.9064
1097	0.0852	0.008	0.9068
1098	0.0844	0.0084	0.9072
1099	0.0864	0.0072	0.9064
1100	0.0856	0.0072	0.9072
1101	0.084	0.008	0.908
1102	0.0848	0.0076	0.9076
1103	0.086	0.0072	0.9068
1104	0.0856	0.0076	0.9068
1105	0.0848	0.008	0.9072
1106	0.0852	0.0076	0.9072
1107	0.0836	0.0076	0.9088
1108	0.0824	0.0076	0.91
1109	0.0828	0.0072	0.91
1110	0.0816	0.0072	0.9112
1111	0.0828	0.0076	0.9096
1112	0.0824	0.0072	0.9104
1113	0.0832	0.008	0.9088
1114	0.0832	0.0076	0.9092
1115	0.0824	0.0084	0.9092
1116	0.0816	0.008	0.9104
1117	0.08	0.008	0.912
1118	0.0808	0.0076	0.9116
1119	0.0812	0.0072	0.9116
1120	0.0804	0.0072	0.9124
1121	0.0812	0.0072	0.9116
1122	0.08	0.0072	0.9128
1123	0.0828	0.0076	0.9096
1124	0.082	0.0072	0.9108
1125	0.0808	0.0072	0.912
1126	0.0804	0.0076	0.912
1127	0.078	0.0076	0.9144
1128	0.0784	0.008	0.9136
1129	0.0816	0.008	0.9104
1130	0.0816	0.0084	0.91
1131	0.0832	0.0076	0.9092
1132	0.0812	0.008	0.9108
1133	0.08	0.008	0.912
1134	0.0812	0.0088	0.91
1135	0.0816	0.0084	0.91
1136	0.0824	0.0072	0.9104
1137	0.084	0.0076	0.9084
1138	0.0824	0.008	0.9096
1139	0.0804	0.0088	0.9108
1140	0.0784	0.0096	0.912
1141	0.0812	0.008	0.9108
1142	0.0828	0.0072	0.91
1143	0.0836	0.008	0.9084
1144	0.0836	0.0072	0.9092
1145	0.0832	0.0076	0.9092
1146	0.0804	0.0076	0.912
1147	0.0804	0.0076	0.912
1148	0.0804	0.0076	0.912
1149	0.0792	0.0076	0.9132
1150	0.0792	0.008	0.9128
1151	0.0792	0.0076	0.9132
1152	0.0796	0.0076	0.9128
1153	0.08	0.0072	0.9128
1154	0.0776	0.0076	0.9148
1155	0.0776	0.0076	0.9148
1156	0.078	0.0076	0.9144
1157	0.076	0.008	0.916
1158	0.074	0.0084	0.9176
1159	0.074	0.0084	0.9176
1160	0.07	0.0088	0.9212
1161	0.0692	0.01	0.9208
1162	0.0684	0.0104	0.9212
1163	0.0688	0.0076	0.9236
1164	0.0688	0.0076	0.9236
1165	0.07	0.008	0.922
1166	0.0696	0.008	0.9224
1167	0.0704	0.0084	0.9212
1168	0.0684	0.0084	0.9232
1169	0.0712	0.008	0.9208
1170	0.07	0.0084	0.9216
1171	0.068	0.0088	0.9232
1172	0.0684	0.0088	0.9228
1173	0.07	0.0088	0.9212
1174	0.0704	0.0088	0.9208
1175	0.0664	0.0092	0.9244
1176	0.0668	0.0084	0.9248
1177	0.066	0.008	0.926
1178	0.0652	0.0072	0.9276
1179	0.0652	0.0076	0.9272
1180	0.0644	0.0072	0.9284
1181	0.0648	0.0072	0.928
1182	0.0652	0.0076	0.9272
1183	0.0628	0.0076	0.9296
1184	0.064	0.0076	0.9284
1185	0.0632	0.0084	0.9284
1186	0.062	0.0088	0.9292
1187	0.0612	0.0084	0.9304
1188	0.0592	0.0084	0.9324
1189	0.058	0.008	0.934
1190	0.058	0.0076	0.9344
1191	0.0564	0.0084	0.9352
1192	0.056	0.0092	0.9348
1193	0.0568	0.0084	0.9348
1194	0.056	0.0084	0.9356
1195	0.0552	0.0076	0.9372
1196	0.0532	0.008	0.9388
1197	0.054	0.0076	0.9384
1198	0.0532	0.0076	0.9392
1199	0.0528	0.0084	0.9388
1200	0.052	0.008	0.94
1201	0.0516	0.0076	0.9408
1202	0.0528	0.0072	0.94
1203	0.052	0.0072	0.9408
1204	0.0528	0.0072	0.94
1205	0.052	0.0072	0.9408
1206	0.0532	0.0072	0.9396
1207	0.054	0.0072	0.9388
1208	0.0544	0.008	0.9376
1209	0.0544	0.0076	0.938
1210	0.0528	0.0076	0.9396
1211	0.052	0.008	0.94
1212	0.0524	0.008	0.9396
1213	0.0528	0.0084	0.9388
1214	0.0536	0.0084	0.938
1215	0.0536	0.0072	0.9392
1216	0.054	0.0072	0.9388
1217	0.054	0.008	0.938
1218	0.0544	0.008	0.9376
1219	0.0548	0.0076	0.9376
1220	0.0532	0.0072	0.9396
1221	0.052	0.0072	0.9408
1222	0.0512	0.0072	0.9416
1223	0.0496	0.0076	0.9428
1224	0.0508	0.008	0.9412
1225	0.0512	0.0072	0.9416
1226	0.0516	0.0076	0.9408
1227	0.05	0.0072	0.9428
1228	0.05	0.008	0.942
1229	0.0512	0.008	0.9408
1230	0.0548	0.0076	0.9376
1231	0.056	0.0076	0.9364
1232	0.056	0.0076	0.9364
1233	0.0556	0.0084	0.936
1234	0.0552	0.0084	0.9364
1235	0.0528	0.0088	0.9384
1236	0.0552	0.0092	0.9356
1237	0.0528	0.0092	0.938
1238	0.0524	0.0076	0.94
1239	0.052	0.0076	0.9404
1240	0.0512	0.0072	0.9416
1241	0.0524	0.0076	0.94
1242	0.0512	0.0076	0.9412
1243	0.0488	0.008	0.9432
1244	0.0492	0.0076	0.9432
1245	0.0484	0.0076	0.944
1246	0.0464	0.0076	0.946
1247	0.046	0.0076	0.9464
1248	0.0456	0.0076	0.9468
1249	0.0468	0.0072	0.946
1250	0.0464	0.0072	0.9464
1251	0.046	0.0072	0.9468
1252	0.0452	0.0076	0.9472
1253	0.046	0.0072	0.9468
1254	0.0456	0.0076	0.9468
1255	0.0476	0.0076	0.9448
1256	0.0476	0.0088	0.9436
1257	0.0476	0.008	0.9444
1258	0.0476	0.0076	0.9448
1259	0.046	0.008	0.946
1260	0.0452	0.008	0.9468
1261	0.0436	0.008	0.9484
1262	0.0428	0.0084	0.9488
1263	0.0428	0.0076	0.9496
1264	0.0408	0.0084	0.9508
1265	0.042	0.0084	0.9496
1266	0.04	0.0104	0.9496
1267	0.0404	0.0084	0.9512
1268	0.038	0.0076	0.9544
1269	0.0372	0.0072	0.9556
1270	0.0352	0.008	0.9568
1271	0.0352	0.0076	0.9572
1272	0.0352	0.008	0.9568
1273	0.0356	0.008	0.9564
1274	0.036	0.008	0.956
1275	0.0364	0.008	0.9556
1276	0.0336	0.008	0.9584
1277	0.0348	0.0084	0.9568
1278	0.0344	0.0084	0.9572
1279	0.0356	0.0088	0.9556
1280	0.0356	0.008	0.9564
1281	0.0348	0.008	0.9572
1282	0.0344	0.0092	0.9564
1283	0.0332	0.008	0.9588
1284	0.0328	0.0084	0.9588
1285	0.0324	0.0076	0.96
1286	0.0316	0.008	0.9604
1287	0.0328	0.0076	0.9596
1288	0.0328	0.0084	0.9588
1289	0.032	0.0084	0.9596
1290	0.0336	0.0072	0.9592
1291	0.0336	0.0076	0.9588
1292	0.0328	0.0076	0.9596
1293	0.0316	0.0072	0.9612
1294	0.03	0.0076	0.9624
1295	0.0296	0.008	0.9624
1296	0.0288	0.0072	0.964
1297	0.03	0.0072	0.9628
1298	0.0292	0.0072	0.9636
1299	0.028	0.0076	0.9644
1300	0.0284	0.0084	0.9632
1301	0.0284	0.0084	0.9632
1302	0.0288	0.008	0.9632
1303	0.028	0.0076	0.9644
1304	0.0268	0.008	0.9652
1305	0.0276	0.0072	0.9652
1306	0.0276	0.0072	0.9652
1307	0.0268	0.0076	0.9656
1308	0.0272	0.0072	0.9656
1309	0.026	0.008	0.966
1310	0.0264	0.0076	0.966
1311	0.0252	0.008	0.9668
1312	0.0244	0.008	0.9676
1313	0.024	0.008	0.968
1314	0.0236	0.0084	0.968
1315	0.0248	0.0088	0.9664
1316	0.024	0.008	0.968
1317	0.0244	0.008	0.9676
1318	0.0224	0.0072	0.9704
1319	0.0216	0.0072	0.9712
1320	0.0224	0.0072	0.9704
1321	0.0208	0.0076	0.9716
1322	0.0192	0.0076	0.9732
1323	0.0188	0.0076	0.9736
1324	0.0192	0.0076	0.9732
1325	0.0192	0.0072	0.9736
1326	0.018	0.0072	0.9748
1327	0.0172	0.0072	0.9756
1328	0.0172	0.0072	0.9756
1329	0.0156	0.0072	0.9772
1330	0.0136	0.0072	0.9792
1331	0.0144	0.0072	0.9784
1332	0.0136	0.0072	0.9792
1333	0.0112	0.0076	0.9812
1334	0.0108	0.0076	0.9816
1335	0.0092	0.0072	0.9836
1336	0.008	0.0072	0.9848
1337	0.0068	0.0072	0.986
1338	0.0068	0.0072	0.986
1339	0.0064	0.008	0.9856
1340	0.0052	0.0076	0.9872
1341	0.0036	0.0088	0.9876
1342	0.0032	0.0076	0.9892
1343	0.0032	0.0076	0.9892
1344	0.0032	0.008	0.9888
1345	0.0028	0.0076	0.9896
1346	0.0036	0.0076	0.9888
1347	0.0032	0.0084	0.9884
1348	0.0032	0.008	0.9888
1349	0.0032	0.0076	0.9892
1350	0.0032	0.0076	0.9892
1351	0.0036	0.008	0.9884
1352	0.0044	0.008	0.9876
1353	0.0028	0.008	0.9892
1354	0.0032	0.0084	0.9884
1355	0.0024	0.0088	0.9888
1356	0.0016	0.0092	0.9892
1357	8.0E-4	0.0092	0.99
1358	0.0012	0.0088	0.99
1359	0.0016	0.0088	0.9896
1360	0.0016	0.008	0.9904
1361	8.0E-4	0.0084	0.9908
1362	4.0E-4	0.0088	0.9908
1363	0.0012	0.0092	0.9896
1364	0.002	0.008	0.99
1365	0.0016	0.0084	0.99
1366	0.002	0.0072	0.9908
1367	0.0012	0.008	0.9908
1368	0.0016	0.0072	0.9912
1369	0.0016	0.0076	0.9908
1370	0.0012	0.0076	0.9912
1371	4.0E-4	0.008	0.9916
1372	4.0E-4	0.0072	0.9924
1373	4.0E-4	0.0072	0.9924
1374	4.0E-4	0.0072	0.9924
1375	4.0E-4	0.0072	0.9924
1376	4.0E-4	0.0072	0.9924
1377	4.0E-4	0.0072	0.9924
1378	4.0E-4	0.0072	0.9924
1379	4.0E-4	0.0072	0.9924
1380	4.0E-4	0.0072	0.9924
1381	4.0E-4	0.0072	0.9924
1382	4.0E-4	0.0072	0.9924
1383	4.0E-4	0.0076	0.992
1384	4.0E-4	0.008	0.9916
1385	4.0E-4	0.0076	0.992
1386	8.0E-4	0.0076	0.9916
1387	4.0E-4	0.008	0.9916
1388	0.0012	0.008	0.9908
1389	8.0E-4	0.0088	0.9904
1390	4.0E-4	0.0084	0.9912
1391	4.0E-4	0.0076	0.992
1392	8.0E-4	0.0076	0.9916
1393	8.0E-4	0.0076	0.9916
1394	8.0E-4	0.0076	0.9916
1395	0.0012	0.0072	0.9916
1396	8.0E-4	0.0072	0.992
1397	8.0E-4	0.0072	0.992
1398	4.0E-4	0.0072	0.9924
1399	4.0E-4	0.0072	0.9924
1400	4.0E-4	0.0072	0.9924
1401	4.0E-4	0.0072	0.9924
1402	4.0E-4	0.0072	0.9924
1403	4.0E-4	0.0072	0.9924
1404	4.0E-4	0.0072	0.9924
1405	4.0E-4	0.0072	0.9924
1406	4.0E-4	0.0072	0.9924
1407	4.0E-4	0.0072	0.9924
1408	4.0E-4	0.0072	0.9924
1409	4.0E-4	0.0072	0.9924
1410	8.0E-4	0.0072	0.992
1411	8.0E-4	0.0072	0.992
1412	0.0012	0.0072	0.9916
1413	8.0E-4	0.0076	0.9916
1414	8.0E-4	0.0076	0.9916
1415	4.0E-4	0.008	0.9916
1416	4.0E-4	0.008	0.9916
1417	4.0E-4	0.0072	0.9924
1418	4.0E-4	0.0072	0.9924
1419	4.0E-4	0.0076	0.992
1420	4.0E-4	0.0072	0.9924
1421	4.0E-4	0.0072	0.9924
1422	4.0E-4	0.0072	0.9924
1423	4.0E-4	0.0072	0.9924
1424	4.0E-4	0.0072	0.9924
1425	4.0E-4	0.0072	0.9924
1426	8.0E-4	0.0072	0.992
1427	4.0E-4	0.0072	0.9924
1428	4.0E-4	0.0072	0.9924
1429	4.0E-4	0.0072	0.9924
1430	4.0E-4	0.0072	0.9924
1431	4.0E-4	0.0072	0.9924
1432	8.0E-4	0.0072	0.992
1433	4.0E-4	0.008	0.9916
1434	8.0E-4	0.0076	0.9916
1435	4.0E-4	0.0084	0.9912
1436	4.0E-4	0.0072	0.9924
1437	4.0E-4	0.0072	0.9924
1438	4.0E-4	0.0072	0.9924
1439	8.0E-4	0.0072	0.992
1440	4.0E-4	0.0076	0.992
1441	8.0E-4	0.0076	0.9916
1442	8.0E-4	0.008	0.9912
1443	0.0012	0.0084	0.9904
1444	0.0012	0.008	0.9908
1445	8.0E-4	0.008	0.9912
1446	8.0E-4	0.0084	0.9908
1447	4.0E-4	0.008	0.9916
1448	4.0E-4	0.0072	0.9924
1449	4.0E-4	0.0072	0.9924
1450	4.0E-4	0.0072	0.9924
1451	4.0E-4	0.008	0.9916
1452	4.0E-4	0.0076	0.992
1453	4.0E-4	0.0076	0.992
1454	4.0E-4	0.008	0.9916
1455	8.0E-4	0.0076	0.9916
1456	8.0E-4	0.0076	0.9916
1457	0.0012	0.0072	0.9916
1458	8.0E-4	0.0072	0.992
1459	4.0E-4	0.0076	0.992
1460	4.0E-4	0.0072	0.9924
1461	4.0E-4	0.0072	0.9924
1462	4.0E-4	0.0072	0.9924
1463	4.0E-4	0.0072	0.9924
1464	4.0E-4	0.0072	0.9924
1465	8.0E-4	0.0076	0.9916
1466	8.0E-4	0.0076	0.9916
1467	4.0E-4	0.008	0.9916
1468	4.0E-4	0.0072	0.9924
1469	8.0E-4	0.0072	0.992
1470	8.0E-4	0.0076	0.9916
1471	8.0E-4	0.0072	0.992
1472	4.0E-4	0.0076	0.992
1473	8.0E-4	0.008	0.9912
1474	8.0E-4	0.0076	0.9916
1475	0.0012	0.0076	0.9912
1476	8.0E-4	0.008	0.9912
1477	4.0E-4	0.008	0.9916
1478	0.0012	0.0076	0.9912
1479	0.0012	0.0076	0.9912
1480	0.0012	0.0076	0.9912
1481	0.0016	0.0072	0.9912
1482	0.002	0.0076	0.9904
1483	0.0016	0.008	0.9904
1484	0.0012	0.008	0.9908
1485	0.0012	0.0072	0.9916
1486	0.0012	0.0076	0.9912
1487	4.0E-4	0.008	0.9916
1488	4.0E-4	0.008	0.9916
1489	0.0012	0.0072	0.9916
1490	0.0012	0.0072	0.9916
1491	4.0E-4	0.0072	0.9924
1492	4.0E-4	0.0072	0.9924
1493	4.0E-4	0.0072	0.9924
1494	4.0E-4	0.0076	0.992
1495	8.0E-4	0.0072	0.992
1496	8.0E-4	0.0076	0.9916
1497	4.0E-4	0.008	0.9916
1498	8.0E-4	0.0072	0.992
1499	4.0E-4	0.0076	0.992
1500	8.0E-4	0.0076	0.9916
1501	8.0E-4	0.0072	0.992
1502	4.0E-4	0.0076	0.992
1503	0.0012	0.0076	0.9912
1504	4.0E-4	0.0076	0.992
1505	0.0012	0.0072	0.9916
1506	0.0012	0.0076	0.9912
1507	4.0E-4	0.0076	0.992
1508	4.0E-4	0.0076	0.992
1509	8.0E-4	0.0084	0.9908
1510	0.0012	0.0076	0.9912
1511	0.0012	0.0072	0.9916
1512	8.0E-4	0.0072	0.992
1513	4.0E-4	0.0076	0.992
1514	4.0E-4	0.008	0.9916
1515	4.0E-4	0.008	0.9916
1516	0.0016	0.0076	0.9908
1517	0.0012	0.0076	0.9912
1518	0.0016	0.008	0.9904
1519	8.0E-4	0.0084	0.9908
1520	4.0E-4	0.0088	0.9908
1521	8.0E-4	0.008	0.9912
1522	8.0E-4	0.0076	0.9916
1523	8.0E-4	0.0076	0.9916
1524	4.0E-4	0.0076	0.992
1525	8.0E-4	0.0072	0.992
1526	8.0E-4	0.0072	0.992
1527	8.0E-4	0.0072	0.992
1528	0.0012	0.0072	0.9916
1529	4.0E-4	0.0076	0.992
1530	4.0E-4	0.008	0.9916
1531	0.0012	0.0076	0.9912
1532	8.0E-4	0.008	0.9912
1533	8.0E-4	0.008	0.9912
1534	4.0E-4	0.008	0.9916
1535	8.0E-4	0.0076	0.9916
1536	4.0E-4	0.0076	0.992
1537	8.0E-4	0.0076	0.9916
1538	8.0E-4	0.0072	0.992
1539	8.0E-4	0.0072	0.992
1540	8.0E-4	0.0072	0.992
1541	4.0E-4	0.0072	0.9924
1542	4.0E-4	0.0072	0.9924
1543	4.0E-4	0.0072	0.9924
1544	4.0E-4	0.0076	0.992
1545	0.0012	0.0072	0.9916
1546	8.0E-4	0.008	0.9912
1547	0.0012	0.0084	0.9904
1548	0.0012	0.0084	0.9904
1549	0.0024	0.0076	0.99
1550	0.0028	0.0072	0.99
1551	0.0024	0.0072	0.9904
1552	0.002	0.0072	0.9908
1553	0.0016	0.008	0.9904
1554	0.0016	0.0076	0.9908
1555	0.0016	0.0072	0.9912
1556	0.002	0.0072	0.9908
1557	8.0E-4	0.0076	0.9916
1558	8.0E-4	0.0076	0.9916
1559	4.0E-4	0.008	0.9916
1560	8.0E-4	0.0072	0.992
1561	8.0E-4	0.0072	0.992
1562	8.0E-4	0.0072	0.992
1563	8.0E-4	0.0072	0.992
1564	4.0E-4	0.0076	0.992
1565	4.0E-4	0.0076	0.992
1566	4.0E-4	0.008	0.9916
1567	4.0E-4	0.008	0.9916
1568	8.0E-4	0.0084	0.9908
1569	0.0016	0.0076	0.9908
1570	8.0E-4	0.0076	0.9916
1571	0.0012	0.0076	0.9912
1572	0.0012	0.0084	0.9904
1573	8.0E-4	0.0076	0.9916
1574	8.0E-4	0.0076	0.9916
1575	4.0E-4	0.008	0.9916
1576	8.0E-4	0.0076	0.9916
1577	8.0E-4	0.0076	0.9916
1578	8.0E-4	0.0076	0.9916
1579	4.0E-4	0.0072	0.9924
1580	4.0E-4	0.0072	0.9924
1581	8.0E-4	0.0072	0.992
1582	8.0E-4	0.0072	0.992
1583	8.0E-4	0.0072	0.992
1584	8.0E-4	0.0072	0.992
1585	4.0E-4	0.0072	0.9924
1586	4.0E-4	0.0072	0.9924
1587	4.0E-4	0.0072	0.9924
1588	4.0E-4	0.0072	0.9924
1589	8.0E-4	0.0072	0.992
1590	4.0E-4	0.0076	0.992
1591	4.0E-4	0.0076	0.992
1592	4.0E-4	0.0076	0.992
1593	4.0E-4	0.0072	0.9924
1594	4.0E-4	0.0072	0.9924
1595	4.0E-4	0.0076	0.992
1596	4.0E-4	0.0072	0.9924
1597	4.0E-4	0.0072	0.9924
1598	8.0E-4	0.0072	0.992
1599	4.0E-4	0.0076	0.992
1600	4.0E-4	0.0076	0.992
1601	8.0E-4	0.0076	0.9916
1602	0.0012	0.0072	0.9916
1603	0.0016	0.0072	0.9912
1604	8.0E-4	0.0072	0.992
1605	0.0012	0.0072	0.9916
1606	8.0E-4	0.008	0.9912
1607	4.0E-4	0.0084	0.9912
1608	8.0E-4	0.0076	0.9916
1609	4.0E-4	0.0072	0.9924
1610	4.0E-4	0.0072	0.9924
1611	4.0E-4	0.0076	0.992
1612	4.0E-4	0.0072	0.9924
1613	4.0E-4	0.0072	0.9924
1614	4.0E-4	0.0076	0.992
1615	8.0E-4	0.0076	0.9916
1616	8.0E-4	0.0076	0.9916
1617	4.0E-4	0.008	0.9916
1618	4.0E-4	0.0084	0.9912
1619	8.0E-4	0.0072	0.992
1620	4.0E-4	0.0072	0.9924
1621	4.0E-4	0.0072	0.9924
1622	4.0E-4	0.0072	0.9924
1623	4.0E-4	0.0072	0.9924
1624	4.0E-4	0.0072	0.9924
